11466 9005 15289 92 93 
1 130 132 12929 10 23179 15503 16153 7194 15647 15521 15522 8229 5545 15531 22580 5943 19131 67 13538 15566 16211 8030 22241 2146 12388 23275 4081 12146 4087 4089 15099 15487 
56 23277 
8176 15202 12997 334 15165 15216 8177 2555 12221 15166 229 
21119 
20682 4747 20558 22674 23444 11223 12759 23193 22319 10023 1388 9298 9007 23153 18295 10815 18362 22331 11132 23039 
10394 
18185 11562 11202 
23446 11465 15243 10508 18320 9558 18263 22104 21405 9375 22895 23409 19222 10483 20089 9084 18367 
9005 
8234 4747 4750 9298 23444 20558 11223 12759 23193 9007 220 223 23039 10411 1388 22674 22319 23153 23411 757 55 10035 18362 22331 11132 8170 10815 
8260 19926 16273 12694 8252 
12104 9555 15956 10024 4697 571 21455 
11625 
22064 8883 23511 
12929 16034 67 132 23501 8234 23275 130 15087 13777 83 11874 54 7194 2492 
8706 9091 12778 9196 9517 23407 16247 12766 12607 
9 14 19416 14746 13082 19295 99 10982 6247 21865 14508 23536 
544 1170 3063 14058 715 302 
11456 3140 13509 14886 13601 15304 13835 14863 14084 16289 16165 16166 10089 15978 14446 952 14777 7274 
7194 22491 23275 
20515 15980 13803 15052 7148 20241 15253 14200 216 319 
14545 13415 
7873 12889 
6529 386 22852 11493 904 555 12494 23487 12443 636 677 
22057 1645 18766 21583 22065 22004 8501 20151 17533 9214 
2144 1761 9060 2145 11369 22601 10874 
169 633 2836 589 10969 
15904 15874 16228 16230 3634 15886 
16339 6782 
14160 12979 4203 
16067 
13400 13364 7103 
9457 14850 8260 12694 16273 8252 13838 
23442 22026 1726 117 
23280 8034 9606 9607 5896 298 23278 23279 1168 11921 658 6260 7157 13599 
22794 23179 11923 
22064 22065 6370 16260 510 
8260 23562 13838 16273 11796 11607 184 8252 18559 
16273 14194 8260 14010 11890 8253 
17696 17632 20322 20579 22852 10625 6087 12179 1415 12371 21339 3230 
6232 22794 23414 
19406 
6232 6233 22794 6234 6231 
69 15925 
12929 130 23275 132 8229 13538 10 23179 2146 12146 16211 22580 5943 12388 7194 15099 8030 
6241 7 10411 1388 243 21402 22331 60 
15289 9005 
20608 14402 14916 12467 9607 13 14039 13976 25 26 21403 19422 1989 100 23273 13226 1988 4208 14066 23219 572 
11969 6143 4401 1079 
11892 
3820 262 
2528 13826 2852 14213 13161 14538 13487 304 14196 
94 
939 5829 11465 908 10138 21974 20311 22234 3612 12509 1190 9067 23101 370 11764 6007 6136 9012 16253 5951 
0 4987 3900 
897 19972 7974 231 7947 3341 10990 10288 6951 857 1049 7834 122 10591 
10752 7173 518 7080 9065 18859 7085 2707 23561 7829 5751 5562 23002 5566 
15802 22140 21821 23230 
13864 15249 13282 13340 14850 
22426 7971 207 17567 
10307 21669 6577 11720 23309 19854 19504 6097 19731 22197 
14200 20515 15980 15253 23535 
22082 20323 18965 12334 6546 17555 18581 21719 12217 16252 20575 
22289 10004 4681 22409 10682 10703 
11873 9786 2492 15326 14039 
12759 20682 4747 4749 20558 9298 23444 11223 23193 22319 220 12375 23411 12130 10023 1388 1005 9007 10035 18295 18361 18362 22331 23039 
20226 4931 3911 4937 11852 18831 20751 17750 10522 4891 16796 22625 21672 11625 17648 6625 18746 2427 11356 1598 
15081 
22331 10023 22674 20558 9007 23153 9298 23444 12759 23193 22319 10815 
20465 16482 17217 13225 
11890 12387 10852 11914 22075 10394 
3629 11287 
19416 99 14 
22491 
20682 22674 23444 11223 23193 9007 10023 1388 1005 22319 23153 18295 18361 18362 23039 11132 10815 
3585 6018 20163 12820 5689 23269 9632 22306 12963 11428 22053 23400 6187 556 12141 1139 21497 19007 
928 21633 9101 24 6237 
19027 20597 20206 11687 
23386 11892 
11980 
3099 3010 5363 7046 4907 383 
22295 22065 6043 12548 18359 5961 12523 
16211 16123 
18 5875 5876 2486 
22601 
18816 14915 3592 16024 11980 12045 13615 22520 239 20179 24 5135 11260 16221 
184 13073 23562 12 18559 
2472 13232 301 
3744 13411 295 6285 23214 16112 21203 15286 6169 8249 3743 
5892 11889 14859 1646 21201 11890 11892 10424 23386 6973 
11201 37 23468 146 18254 20050 9786 252 22782 
7907 
19296 21126 2046 13470 19111 
115 22004 8883 8502 17533 3006 
13538 14915 678 14922 15965 13969 13298 13075 14744 16221 18815 
11202 11366 11113 11562 7152 401 425 731 22844 
21126 17608 19849 21336 2479 13470 19748 14245 19111 2472 3565 14447 2488 2489 2490 2046 
16201 7626 8267 6351 7698 4303 5918 15967 19616 289 13794 548 14501 19687 1130 2795 15925 694 19337 19514 
20608 1989 9607 7688 11916 13 25 26 21403 10077 19422 1120 6242 100 298 19805 4208 23219 13226 
3872 15812 2042 15820 
1664 15709 
18893 
22064 22065 6370 8883 8501 1646 21583 
8742 14249 13578 6673 13590 13897 13369 14558 
23274 
12321 6244 6246 6247 15241 2603 23468 19023 242 86 11095 
20608 4208 6242 100 1989 14402 13 144 13976 14039 18232 25 26 21403 
4053 
19360 
13856 13281 67 13415 14545 306 611 2484 13977 14489 14554 14622 
13384 12586 9714 20308 9717 9718 9716 3866 20126 13855 
14257 23275 8229 
3392 11333 16086 16087 12521 12027 821 
1415 10379 22674 9878 22553 6960 20642 9005 304 55 22331 189 22078 11078 2145 22601 1997 1993 11223 11108 2144 1761 610 9060 11369 1011 757 10874 9468 
800 6673 2493 261 
23565 21239 
11889 13538 11891 132 11892 12388 6973 
10394 101 
22521 
11104 816 2978 19204 21960 2992 4881 15172 3582 
10077 596 10629 2710 117 
99 6244 10982 6247 21865 14 9 19416 14746 13082 19295 
8866 10659 4901 22535 4456 18889 11274 711 10033 9940 22238 
3362 19126 20873 23248 22227 10805 12470 3356 
16096 21633 1029 3592 11787 11980 16221 20179 22520 1115 11260 15965 
17808 19240 19304 10652 20636 21726 
16273 8260 19926 8252 
20515 75 13037 10158 306 18483 2484 118 17788 16126 
8547 20004 21195 19308 19310 19311 17072 8659 22774 17028 18652 
23500 22026 11372 877 11502 23186 6869 11017 21432 125 1726 
20515 5956 8 16204 15980 1487 72 82 15253 22788 
20208 11682 9699 22708 5349 662 18687 
22491 21583 
2146 
22720 16419 19210 15837 23274 94 
16067 5892 872 14859 1646 11889 11890 5603 11892 11893 10424 6617 23386 6973 
192 514 4355 19205 20040 21834 17614 11023 22609 6098 18644 16022 825 89 20457 22506 21421 61 21750 4343 9465 17618 16315 7101 191 
10394 
21824 12389 13254 22044 5962 20203 9969 13651 17756 19178 
16211 22004 22057 16123 6043 
12929 2146 12388 8229 10 23275 130 132 7194 
181 899 18118 18791 18792 19273 6702 12274 12595 276 18421 18518 17783 22525 4021 
23273 11917 7 
20409 12530 20322 12687 
22241 2146 12388 8229 13538 132 7194 15099 8030 
16273 10850 8260 11890 8252 1645 17533 
6625 11890 2915 17750 4937 3690 4891 
7329 7298 15971 15972 15973 15974 19368 9835 684 3533 12177 12178 7326 159 
10 
6689 6690 6691 6692 18886 8673 5493 22518 20228 
17583 
83 67 132 17973 10 23275 15087 
7018 
17832 14816 14930 13773 15295 
19365 19656 11242 20171 19660 19342 18482 20692 19608 19354 19517 
13185 2818 2819 2820 13445 14994 10003 21 19542 14494 800 5154 8229 14182 5927 234 13680 13305 12411 
9996 21301 9823 
21865 12742 
3006 22057 22295 8883 8501 5961 23480 6043 17533 9214 
6612 
10515 18833 5187 18196 5189 
22241 2146 67 132 8229 13538 10 23275 130 16211 5943 7194 15099 
11890 
23232 22711 5965 6638 10322 20599 7673 10239 
20052 17721 23010 6212 6014 
9969 11451 10852 9510 1134 
11204 19689 11372 20718 2703 15248 11062 11287 21432 1691 1692 125 5566 
3635 22955 15886 
13388 16197 14207 
8608 9075 
16273 8260 23276 13238 8252 
12929 130 67 132 22794 23179 12 16153 7194 15010 12388 23275 9516 12146 15099 10 
1610 21427 21172 
20486 5581 5584 11967 21907 16016 12125 8033 873 8363 23408 11958 1079 12730 379 11964 509 6143 
928 9996 21644 9679 10448 10547 9694 14038 9914 6238 8959 
23384 411 22741 406 10951 4488 391 
8260 13073 23562 12 16273 13272 184 8252 
19225 990 
14279 8252 23562 6603 12 16273 12407 216 184 13073 18559 
21313 9508 22406 5166 6258 15894 17976 15876 
15043 13098 5963 15117 14222 14445 4367 14655 13684 4366 14198 14106 6191 13660 14869 
8566 6167 
13965 6872 210 4056 14618 19419 29 13414 1767 1768 1769 623 13685 14327 15992 2298 13246 
11369 10874 10803 22404 
11090 6283 18610 3399 18639 
9214 8502 20151 22057 6043 18766 
2798 
14592 13882 
10785 5410 11364 22853 19862 2766 14223 18038 4346 
10394 16211 
10948 15028 261 19399 
16 3 6 7 
5829 12552 21518 21974 10138 3612 1190 9067 370 10994 11764 373 6136 9012 23101 9461 
234 2820 
2873 547 
10531 5884 7225 152 185 16156 
11912 16096 11911 
13369 13897 
15289 92 9005 
11679 4301 13397 
2656 6672 17348 16843 7788 9102 9103 
14880 14337 13731 13553 4205 14510 14161 14042 14140 
2528 13826 14213 13161 14538 13487 304 14196 
22065 5961 23480 22057 6043 9214 
11873 8082 16163 19077 6225 15326 
6625 4937 5387 18831 22547 17750 10522 20751 11356 10847 22625 4891 21672 11625 3911 17648 11890 10345 2427 4987 
2856 15723 3244 3245 3246 11821 8817 11758 21302 22999 19002 18203 
18817 13538 9749 21633 9288 11980 
184 18559 
23562 11892 
1219 20932 12041 20305 23363 916 20693 22744 22244 20075 17516 876 8948 12597 12617 10362 11007 11516 20543 
12929 67 132 23501 14480 83 7194 13792 16034 2469 23275 15087 2492 1981 1982 
8658 17267 8533 10073 1627 10366 
21234 
6016 7 12104 20427 9555 21462 23387 220 8989 23009 12964 18279 12970 21869 221 883 12727 15289 12538 571 9853 17727 
4033 19330 11977 15180 4034 19669 281 22430 16095 15201 5539 9835 19439 12336 13682 12277 19448 
3115 6724 10854 4681 3274 4811 1937 4470 5752 
15176 266 8196 2143 
10914 
16260 22295 15258 22057 22064 22065 8883 8501 8502 20151 10424 5960 5961 18766 21583 21085 6370 12523 1645 1646 23421 115 22004 9214 17533 510 
22563 16774 11603 17195 17934 11715 16662 8791 
12929 2146 132 8229 10 23179 12146 16211 5943 8030 
20667 9940 3261 22535 
15808 23000 15652 
3707 5852 22211 
5806 
599 
1184 16137 11978 22 11991 
23386 
22241 10 6238 
14873 13125 14374 4076 4082 16083 23220 4086 14265 20344 14836 13819 
1537 17710 4431 11280 3188 15802 22140 21821 
19 
243 8253 
585 11914 14859 18255 88 10547 10394 23386 20513 5603 1646 11889 11890 9331 11892 11893 11891 6973 
289 15967 14501 5918 15925 
22004 15093 599 
16 6 7 13 
16273 11890 8260 7150 8252 
3556 22315 12 7154 5077 6998 184 18559 
23360 6176 14820 14375 296 16108 16114 9653 16214 14393 22393 11998 
10086 
14103 19482 16155 162 13222 10797 9911 19515 13246 11972 3909 21966 20433 5972 19547 2527 1380 1382 18410 14963 19445 
6289 12650 627 7764 
11890 10850 
16067 872 585 11914 1646 18255 9331 11892 11893 88 23386 6973 
771 12386 14413 15299 1173 152 1179 16156 12383 3744 15009 10594 10531 12133 5933 632 185 6269 
16273 10850 8260 23562 8252 11890 
11908 16232 3658 10788 16336 22865 936 23511 10564 11909 23200 2915 6884 2917 806 2920 22762 1646 23208 3318 
13856 13956 13861 13944 23276 13853 
10424 23386 22203 11892 
6529 
22594 16101 54 18491 6204 11874 
864 12496 12491 3494 3643 22315 7154 22640 882 3637 8408 22811 21330 5077 
2146 12387 132 8229 23275 21644 12388 7194 8030 
4836 
3889 6890 6486 5054 4847 
6370 23511 10632 11914 1646 21583 
1412 13477 20774 20233 18891 3726 710 18737 15310 20281 20313 12154 5371 17503 
20544 6790 9841 21928 12491 11629 12496 9809 6997 19127 22811 20572 
2848 5892 13254 23145 19178 15947 13651 11637 23386 5962 
21032 11914 16067 1646 806 
12272 8546 
2848 3 252 37 
23490 218 
12353 1412 13477 710 18891 15310 18737 5171 12154 
8867 18010 4901 807 18889 711 21260 2449 4593 818 819 9940 3258 3261 
22241 2146 11914 10 6238 
711 18889 21260 10659 9940 19736 19737 18010 7973 8866 8867 4901 10033 20270 4593 178 819 3828 3258 3261 
20496 20386 20552 21850 956 570 
3362 22227 19126 20873 907 18351 23248 4723 8950 10361 10620 12470 
22057 16211 16123 
3010 21124 15623 15754 15820 5006 6808 15763 15636 15573 15576 15556 15713 18340 15812 15790 175 15542 383 
5960 22057 20151 21583 22064 22065 115 22004 8501 5961 16123 
21824 20161 10112 22083 5892 13254 10257 13651 11028 22044 12389 18789 17756 20203 9969 11923 11700 11893 
2993 12067 6203 6285 6093 
8960 5962 12387 6437 
14809 15010 13075 
7114 8260 10850 11282 7989 
6529 386 12291 22852 19077 1415 904 1418 1611 12494 19139 4693 19076 12443 21355 901 102 555 8364 23415 636 190 
19648 14915 261 6703 13872 16242 4662 4663 13615 2493 
9288 8959 
11888 146 
12130 
2466 14436 2469 14954 2475 16079 2456 14135 13144 13182 
16260 23414 10632 12389 22794 23179 6232 12053 6231 88 1988 15258 6235 6236 6234 6238 6239 16096 12387 12388 2149 21032 7150 14575 5960 6233 10424 19258 5962 
22788 72 16204 16205 1487 15253 18715 2719 20514 20515 23535 6577 8819 4094 8 3575 20926 
23184 23478 4279 23178 11276 910 
22794 630 
1 3 5892 5 6279 11913 11914 14859 19 4 10394 20513 3248 10 10547 10424 22794 585 11891 18255 10448 88 23386 5603 1646 6973 11889 11890 9331 11892 11893 
7840 9586 3806 3383 18796 20158 12095 
20514 19459 5956 72 1487 8819 15253 3575 18715 4094 
13635 14387 14837 13283 
20097 20071 
7873 12491 12496 5077 6998 3800 22811 9565 864 3556 3494 21536 22315 11629 22640 7154 3637 3639 3640 3643 
13352 9584 14674 19238 2848 
2444 6810 5260 5258 
1212 
12802 11889 11892 15993 15836 6973 
14598 13158 20136 12073 23402 107 5197 16296 10930 10579 5433 13657 
9347 21382 17386 1259 22061 9135 2129 6622 5983 
18817 21633 13538 11980 11911 16012 1115 1116 
14208 11897 962 4083 4415 
3130 7373 5655 
14160 15289 4203 9005 1997 
2524 5724 22861 4975 
16260 10632 22794 23179 88 6231 6232 6233 6234 6235 6236 6238 6239 16096 12387 12388 12389 21032 7150 5960 23414 10424 19258 5962 
20398 7231 
4208 10394 13 
11890 12387 88 11914 10394 17533 
13442 15123 14604 19519 
2146 12388 8229 10 16211 132 7194 8030 
3006 22057 5961 5530 6043 18766 
13184 2451 23300 16150 14711 2463 
9595 22044 
12929 23275 8229 8030 21633 
26 
10850 8260 23562 16273 11890 21974 8252 
12505 14005 14039 
13381 13257 18316 115 15134 216 1981 1982 
11893 
11041 10662 9162 18315 19857 17817 17818 17628 18431 
13442 20515 17788 118 
8608 20705 15812 15713 3625 12010 15820 5006 18992 15763 3022 15790 2041 2042 3872 
12962 
10305 4290 4291 22214 11073 22732 5900 3758 8611 18538 18539 18540 18926 9717 9718 22391 3775 
21376 10211 20886 18036 3094 792 19578 22331 
56 13237 11912 7033 58 16221 15965 
5882 101 205 3550 11950 
10850 8260 23562 18316 16273 11890 8252 7114 
6529 9666 21355 22852 21446 20808 20844 18315 12371 18711 22552 12443 414 555 8364 6255 904 
13248 115 82 9507 20621 15134 1487 
1984 14177 162 1992 16011 8238 12936 206 3550 11950 
225 343 16105 6277 7239 169 619 52 2836 14169 633 
330 147 6134 
15392 1888 10225 15360 20775 10282 7831 
20705 15812 21460 12010 3803 383 
20682 4747 4749 4750 22674 23444 20558 11223 12759 9007 220 18362 12130 10023 1388 22319 23411 10035 12375 22331 
22601 757 
5961 18766 21583 22295 5530 6043 3006 22057 18220 1645 22065 8883 22004 8501 8502 20151 23480 11769 17533 9214 
22209 
7426 1172 19478 20264 7468 19693 
16273 10850 8260 11890 
10836 
5960 22057 20151 5961 18766 88 22004 3006 22295 23480 10394 5530 17533 9214 
9666 20844 
17985 22626 3555 1180 23276 18477 18445 20053 216 21039 22588 17726 
12997 
13185 2818 2819 2820 13445 14994 21 19542 14494 800 5154 14182 5927 234 13305 12411 213 
15289 10882 92 93 
19552 13538 323 11980 5135 22070 1721 11260 10846 
15299 12386 14413 1173 152 1179 16156 16805 3744 15009 10594 10531 12133 5933 632 185 12383 6269 
11924 1413 20808 12730 8363 11925 
16253 
5576 3466 12236 3085 1392 11480 11512 18905 20860 21066 11007 
13536 14465 13091 14308 14855 14249 13228 13748 15081 14073 14045 
13248 67 13381 8 10 18316 1487 6097 20053 216 7194 8030 13538 8229 23275 7148 1981 1982 
5932 
7941 999 8488 20873 907 7982 23248 17524 18350 854 856 21497 7804 11230 
15552 20929 15812 15623 15754 15820 3022 2968 21458 15763 15636 15573 15576 15556 15713 15590 3625 15790 10195 21460 
21232 19493 16141 21966 22320 20433 19445 16155 3909 
20345 
10948 261 19399 15028 
8544 1124 21607 1288 1290 9964 18317 7086 22294 10906 1338 19626 
450 16308 23253 16266 11195 8274 20789 
12130 20682 4747 1388 20558 9007 23444 18361 18362 22319 
12674 19084 23376 12756 12757 3159 3160 3161 12577 19106 8487 11560 5866 5867 5868 17647 12851 2359 3768 12692 
10464 20712 5340 18090 5771 8016 9489 23354 828 19037 11836 
11904 20145 22020 17782 10612 10516 
1168 8034 9606 5896 298 2146 23278 23279 23280 658 6260 7157 14652 13599 
10632 585 21583 22295 510 6370 22065 22057 1645 1646 22064 5960 8883 22004 8501 5961 17533 9214 
17817 11041 867 5959 12200 9162 8908 9847 18521 827 18431 
9137 9138 
22241 6235 16260 11911 11914 239 56 7033 18394 1115 1116 17533 
11890 10850 4591 
21583 
6625 11890 11625 10847 4891 11356 18831 
11873 14005 14039 12505 15326 639 
12995 23414 13543 9996 10448 22083 21301 14038 12387 5566 8959 
5024 23276 11605 1982 
96 5875 5876 13228 19147 5356 
17648 6625 4891 11625 18831 11852 20751 
13976 13226 23219 100 11917 
7424 7426 16396 7438 7442 7444 16025 6303 7456 7457 16547 16676 17318 18031 17265 16959 7455 5564 7422 7423 
21632 2052 1158 14988 4554 14348 141 14799 16081 4245 4758 4759 12120 13839 14498 13672 13666 13423 13173 13948 15295 
7194 23275 132 13171 
12929 67 132 10 23275 23501 22425 7194 
8336 7907 
20384 11683 23260 11529 9335 3628 20717 6749 4915 18742 20297 9336 18522 380 6941 
17889 19982 
8960 88 11891 6887 
20576 20453 20454 13703 16072 16042 13164 13037 2478 15311 2485 10999 2458 13788 14277 
115 22004 8883 8502 17533 3006 
100 1989 13226 13 12467 23219 25 26 19805 
15134 
12389 
3874 6441 9134 984 1206 2776 16025 16415 17599 
1029 3592 11980 22794 16012 20179 217 1115 15965 10846 13666 16221 117 56 1721 11260 62 
5892 6279 585 11914 14859 18255 10448 88 10394 23386 20513 5603 1646 3248 11889 11890 11891 11892 11893 10424 9331 6973 
18543 
944 
23273 13747 13469 13301 
11040 20926 
20514 5956 72 16204 16205 1487 6577 8 3575 4094 
184 18217 18559 11796 11607 
14120 4641 14056 
20929 15812 15623 15754 15820 21124 10195 15636 15573 15576 15556 20705 18340 3625 12010 15790 175 15763 2041 15614 
16273 11890 8260 8252 10850 
16273 11890 23562 1542 
3974 11912 16145 13651 6236 6237 612 19371 5932 16221 11260 
9069 
0 23219 1991 
10850 67 
2707 518 5566 
11280 1537 15802 22140 21821 17710 4431 
16067 16232 1646 16336 11892 23386 
6370 
10850 8260 23562 18316 11282 7150 16273 11890 4308 7989 13146 8252 19199 
23065 12978 22683 18474 23249 
99 10982 6247 9 14508 14 23536 19416 14746 13082 19295 
16096 22064 6231 88 22794 11451 6234 
11923 12389 
770 14915 13476 13193 13615 13361 117 14326 12151 10393 5242 13021 
19604 7017 13708 7513 
5603 11889 585 14859 6973 21201 11890 11891 11892 11893 10424 10394 23386 
7822 
13908 
7521 16114 339 1844 6867 9788 14030 
18629 9005 4591 12537 15289 92 639 
585 14859 11889 115 11892 10424 11891 10394 
1138 
13764 330 5900 18926 13522 13365 6134 312 13211 14013 
23040 19446 7335 7341 16048 14291 7350 7352 159 19583 
3330 21891 21124 20677 20358 21257 21651 8023 20090 1595 5178 20702 
13538 12388 10424 9595 21644 6238 
15299 185 632 14745 19514 5884 
18409 16195 1221 21550 21421 
16067 132 11914 14859 1646 573 11889 11891 11892 88 23179 23386 10394 
11890 10847 
16096 11891 12388 298 10394 6238 14575 
2915 10564 870 806 9457 23208 811 22865 11908 11252 3318 10788 
184 23562 14279 
19680 10881 20582 12326 10091 10092 10093 10094 12410 
10881 6274 14152 19540 5806 5335 5336 19680 5921 20582 12326 10091 10092 10093 10094 9587 8660 12410 23422 
11889 9138 11891 10424 23386 14859 6973 
12576 5831 15821 20306 12371 10718 17696 20899 11825 9769 9771 23084 11629 11310 18353 7092 19702 3639 19832 21051 
22468 19023 11095 21789 3422 12321 6244 6245 38 21865 2603 23468 242 19314 188 18621 
9696 386 677 
8229 15980 23535 15056 15253 7194 14778 8030 20053 
22320 101 19199 11184 9073 11282 21936 19445 17755 18397 3909 
5848 192 514 8212 16022 
3585 10379 12139 9708 9709 9711 9712 5689 19738 5691 9707 
15947 
10394 11914 13254 
11890 
12929 16034 67 132 130 8234 23275 23501 15087 13777 83 7194 2492 1981 1982 
11073 9028 969 8211 6134 19672 15291 
5161 
19008 10695 8840 10860 11404 7892 10968 22308 6042 21242 10788 870 2918 2919 2922 2924 2927 2930 21129 16442 
11464 6225 8082 190 639 
11890 8883 6887 11914 23386 10394 
21536 22852 12491 12496 3800 8339 5077 6998 22360 22811 9565 864 3556 3494 22315 9068 11629 22640 9841 7154 3637 3510 3639 3640 3643 882 
18963 8818 18979 8996 8701 11310 9437 
2595 2596 
21633 14915 11911 16012 11980 5135 24 16024 10846 16096 4776 18817 11260 10877 62 
22672 
17696 2817 610 1415 7804 12203 11629 20082 16021 6087 3639 377 1180 799 
12929 2146 132 8229 7194 23275 8030 
18032 18686 21173 8859 17596 6813 11086 
12802 11428 8082 20414 22856 12941 12590 23312 882 12211 12212 12213 12978 17662 
19 14979 12404 
6956 5492 7829 9526 23002 125 5566 6783 
6244 20101 6246 6247 21865 20106 7567 240 17523 
9632 3585 20163 22053 23400 553 6187 12141 20750 12820 21045 5689 19007 23269 
13248 13381 8 23276 18316 20621 1487 82 20053 216 7194 15134 3555 8229 23275 7148 14389 13257 14009 1981 1982 11605 
19774 
115 11914 11891 
8260 19926 
13665 7509 7516 5709 15184 2609 8178 2610 3061 13878 15160 15164 15932 
12929 130 67 132 10 23275 23501 15087 12146 16153 7194 2492 22794 
20226 4932 22625 23112 11852 20751 10522 18831 16796 6625 4891 11625 17648 1970 22645 18746 2427 18687 
17444 
11890 10847 
10424 11889 132 
22469 22887 13000 12842 11724 9720 21906 181 12183 8472 12762 20570 
11465 18263 23191 18893 21518 12305 20626 21974 20311 22104 21405 9375 22242 18353 22185 20202 9009 20856 20089 18367 
23386 
13792 17761 7194 
5961 18766 21583 22295 510 6370 22057 1645 1646 23421 22065 8883 22004 8501 10424 1721 17533 9214 
19328 16258 13510 1158 14344 10952 13839 14544 14225 
20193 19817 21997 5902 77 19797 20598 
17444 12 7150 9331 11892 22741 10394 12253 
18316 5943 
88 19835 23421 14575 
386 21355 22852 901 1415 904 1418 555 12494 4693 23415 12443 190 19077 
2149 15289 92 9005 20494 93 
17377 515 11204 19305 17485 1277 3601 18514 22739 11062 1080 1594 10716 23002 19487 
20608 1988 11916 11917 13 23219 4695 16068 26 16219 19805 1120 100 2150 14575 12467 25 572 16218 
6884 8525 
11968 8033 20486 23408 19313 21907 5584 12730 379 11964 509 11967 
12759 4747 4748 20558 9298 23444 4750 14230 11223 23193 22319 220 12130 1388 22674 9007 23153 22331 11132 10815 
22400 9123 17477 17478 9800 7920 10068 7002 
13506 324 
22065 12548 18359 12523 6973 7150 
15329 15330 15331 16260 2565 148 16221 6260 6229 6230 15993 15965 
22944 21747 10149 18118 13945 12762 
20608 1988 2150 11916 13 14575 12467 16068 
15179 
22849 218 16247 
16175 
3344 932 11284 
11380 8693 8694 22966 21288 18013 19982 
6561 1545 21772 22831 18736 18420 18613 9371 
23168 2745 22114 9596 11748 
115 5892 585 11914 14859 11889 11890 9331 11892 8883 11891 11893 
11914 22794 14859 11889 11890 9331 11892 11893 11891 88 6973 
824 21865 9323 11831 
9364 
9091 21642 10568 10569 20394 10571 10572 20173 7150 18358 10570 12812 
12389 22717 11893 
20608 4420 1989 13 14916 23219 14039 25 26 100 23273 298 4208 12467 18232 572 13226 
1888 18640 21956 
6245 21767 20269 19982 10607 19314 20115 8693 18621 
6235 
20608 1988 1989 9607 4420 13 14916 14039 13976 25 26 19805 19422 100 12467 23273 13226 4208 9393 23219 18232 572 298 
18822 
23233 11333 22022 3521 10767 20369 11861 22233 15326 11873 12521 11888 3764 11894 6839 18041 6399 23037 18325 
5108 
6785 5153 8648 10922 7883 19053 5192 17300 17302 4473 794 16584 16926 
16011 206 8238 11950 
12387 12389 13254 18825 5962 5932 7150 16211 11637 217 6234 16221 6238 
16067 5892 585 11914 14859 18255 10448 5603 88 23386 9331 1646 11889 11890 11891 11892 11893 10424 22794 6973 
12211 
22496 15617 15499 21537 18598 22497 18600 18601 18599 23503 10225 12052 15705 10170 6012 
12929 2146 132 8229 10 23275 13171 7194 8030 
23386 11892 
20152 16084 16066 2460 8545 
